[gd_scene format=3 uid="uid://dy0wb2w0wuqsa"]

[ext_resource type="Script" uid="uid://bd0w34b1hadno" path="res://scenes/lever_score.gd" id="1_gtncw"]
[ext_resource type="PackedScene" uid="uid://cfmcaccjiyvvj" path="res://meshes/backgrounds/scene_forest.glb" id="2_hiw6h"]
[ext_resource type="PackedScene" uid="uid://bb7w7huncvfj" path="res://meshes/backgrounds/scene_river.glb" id="3_y4sfp"]
[ext_resource type="PackedScene" uid="uid://doa03xmdh6s0v" path="res://meshes/phone/phone_box.glb" id="4_nka4x"]
[ext_resource type="Script" uid="uid://r2uqux5r88vc" path="res://scripts/lever.gd" id="5_if5j7"]
[ext_resource type="PackedScene" uid="uid://qb88boj5jjb6" path="res://meshes/lever/lever.glb" id="6_6qbvk"]
[ext_resource type="Texture2D" uid="uid://ba7el6asifhcp" path="res://textures/bear normal.webp" id="7_qfx1d"]
[ext_resource type="Texture2D" uid="uid://dbq6jusmbsin4" path="res://textures/honey.webp" id="8_7kxr1"]
[ext_resource type="Texture2D" uid="uid://dpn1xe6bwheht" path="res://textures/fish.webp" id="9_clqti"]

[sub_resource type="BoxShape3D" id="BoxShape3D_7eprb"]
size = Vector3(2.085, 7.8319507, 1)

[node name="LeverScore" type="Node3D" unique_id=1795852748]
script = ExtResource("1_gtncw")
background_left = ExtResource("2_hiw6h")
background_right = ExtResource("3_y4sfp")

[node name="phone_box" parent="." unique_id=1580715568 instance=ExtResource("4_nka4x")]

[node name="LeverArea3D" type="Area3D" parent="." unique_id=1641671795]
transform = Transform3D(-1, 0, 8.742278e-08, 0, 1, 0, -8.742278e-08, 0, -1, 0, -0.13250852, 0.64178145)
script = ExtResource("5_if5j7")
intensity = 2

[node name="CollisionShape3D" type="CollisionShape3D" parent="LeverArea3D" unique_id=207235068]
transform = Transform3D(1, -1.6950067e-07, 0, 1.6950067e-07, 1, 0, 0, 0, 1, -3.2782555e-07, 4.468712, 0)
shape = SubResource("BoxShape3D_7eprb")

[node name="LeverMesh" parent="LeverArea3D" unique_id=369620874 instance=ExtResource("6_6qbvk")]

[node name="lever_sprite" type="Sprite3D" parent="LeverArea3D" unique_id=1860565248]
transform = Transform3D(-0.25, 0, -1.2577951e-07, 0, 0.25, 0, 3.774895e-08, 0, -0.833, -6.358924e-08, 7.0541916, -0.72737634)
texture = ExtResource("7_qfx1d")

[node name="left_sprite" type="Sprite3D" parent="." unique_id=1097870155]
transform = Transform3D(0.25, 0, 0, 0, 0.25, 0, 0, 0, 0.25, -1.6, 9.5, 0.789)
texture = ExtResource("8_7kxr1")

[node name="right_sprite" type="Sprite3D" parent="." unique_id=219881718]
transform = Transform3D(0.25, 0, 0, 0, 0.25, 0, 0, 0, 0.25, 1.6, 9.5, 0.789)
texture = ExtResource("9_clqti")

[node name="Node3D" type="Node3D" parent="." unique_id=7658653]

[node name="left_tight" type="SpotLight3D" parent="Node3D" unique_id=656016501]
transform = Transform3D(0.9768465, 0.060718674, -0.2051442, 0.17679442, -0.7690752, 0.6142207, -0.12047666, -0.6362676, -0.76200324, -1.9652957, 11.32977, -3.328945)
light_energy = 20.0
light_size = 1.0
light_specular = 0.0
spot_range = 14.495
spot_attenuation = 0.87
spot_angle = 30.0
spot_angle_attenuation = 0.7578583

[node name="right_tight" type="SpotLight3D" parent="Node3D" unique_id=1136289403]
transform = Transform3D(0.9737962, -0.081387, 0.21236111, -0.19758992, -0.76510835, 0.6128356, 0.11260241, -0.63873726, -0.7611409, 2.1588478, 11.324757, -3.306906)
light_energy = 20.0
light_size = 1.0
light_specular = 0.0
spot_range = 14.495
spot_attenuation = 0.87
spot_angle = 30.0
spot_angle_attenuation = 0.7578583

[node name="right_wide" type="SpotLight3D" parent="Node3D" unique_id=268111688]
transform = Transform3D(0.9998815, -0.012430921, 0.009093864, -0.009986263, -0.07372043, 0.9972291, -0.011726071, -0.99720156, -0.073835835, 1.5359306, 12.41805, 0.6681126)
light_energy = 2.298
light_indirect_energy = 0.0
light_size = 1.0
light_specular = 0.0
spot_range = 12.037
spot_attenuation = 0.24
spot_angle = 65.0
spot_angle_attenuation = 0.30778643

[node name="left_wide" type="SpotLight3D" parent="Node3D" unique_id=1253003101]
transform = Transform3D(0.99962145, 3.46053e-05, -0.027515274, 0.027442493, -0.07395245, 0.9968841, -0.0020003244, -0.99726176, -0.07392539, -1.1948884, 12.437482, 0.6565693)
light_energy = 2.298
light_indirect_energy = 0.0
light_size = 1.0
light_specular = 0.0
spot_range = 12.037
spot_attenuation = 0.24
spot_angle = 65.0
spot_angle_attenuation = 0.30778643

[node name="SpotLight3D" type="SpotLight3D" parent="Node3D" unique_id=1964526941]
transform = Transform3D(0.90367943, -0.18186963, -0.3876687, 0, 0.9053244, -0.42472088, 0.42820975, 0.3838115, 0.818123, -2.3911505, 0.5604191, 5.657178)
light_specular = 0.0
shadow_enabled = true
spot_range = 10.0
spot_angle = 30.0
